place(9.1, 1.0, -6.5, "Cowboy", 600)
upgrade(9.1, 2.350, -6.5, 200)

place(9.1, 1.0, -3.8, "Cowboy", 600)
upgrade(9.1, 2.350, -3.8, 200)

upgrade(9.1, 2.350, -6.5, 650)
upgrade(9.1, 2.350, -3.8, 650)
upgrade(9.1, 2.350, -3.8, 2400)
upgrade(9.1, 2.350, -6.5, 2400)

place(3.8, 1.0, 1.8, "DJ Booth", 850)
SetDjTrack(3.8, 2.359, 1.8, "Green", 0)

place(9.1, 1.0, -1.1, "Cowboy", 600)
upgrade(9.1, 2.350, -1.1, 190)
upgrade(9.1, 2.350, -1.1, 618)
upgrade(9.1, 2.350, -1.1, 2280)

place(9.1, 1.0, 1.6, "Cowboy", 600)
upgrade(9.1, 2.350, 1.6, 190)
upgrade(9.1, 2.350, 1.6, 618)
upgrade(9.1, 2.350, 1.6, 2280)

place(11.8, 1.0, -6.5, "Cowboy", 600)
upgrade(11.8, 2.350, -6.5, 190)
upgrade(11.8, 2.350, -6.5, 618)
upgrade(11.8, 2.350, -6.5, 2280)

place(11.8, 1.0, -3.8, "Cowboy", 600)
upgrade(11.8, 2.350, -3.8, 190)
upgrade(11.8, 2.350, -3.8, 618)
upgrade(11.8, 2.350, -3.8, 2280)

place(11.8, 1.0, -1.1, "Cowboy", 600)
upgrade(11.8, 2.350, -1.1, 190)
upgrade(11.8, 2.350, -1.1, 618)
upgrade(11.8, 2.350, -1.1, 2280)

place(11.8, 1.0, 1.6, "Cowboy", 600)
upgrade(11.8, 2.350, 1.6, 190)
upgrade(11.8, 2.350, 1.6, 618)
upgrade(11.8, 2.350, 1.6, 2280)

place(14.5, 1.0, -3.8, "Cowboy", 600)
upgrade(14.5, 2.350, -3.8, 190)
upgrade(14.5, 2.350, -3.8, 618)
upgrade(14.5, 2.350, -3.8, 2280)

place(14.5, 1.0, -1.1, "Cowboy", 600)
upgrade(14.5, 2.350, -1.1, 190)
upgrade(14.5, 2.350, -1.1, 618)
upgrade(14.5, 2.350, -1.1, 2280)

place(14.5, 1.0, 1.6, "Cowboy", 600)
upgrade(14.5, 2.350, 1.6, 190)
upgrade(14.5, 2.350, 1.6, 618)
upgrade(14.5, 2.350, 1.6, 2280)

place(9.1, 1.0, 4.6, "Hacker", 900)
upgrade(9.1, 2.403, 4.6, 119)
upgrade(9.1, 2.403, 4.6, 1271)

upgrade(3.8, 2.359, 1.8, 300)

place(14.5, 1.0, -6.5, "Cowboy", 600)
upgrade(14.5, 2.350, -6.5, 190)
upgrade(14.5, 2.350, -6.5, 618)
upgrade(14.5, 2.350, -6.5, 2280)

upgrade(3.8, 2.359, 1.8, 1250)
upgrade(3.8, 2.359, 1.8, 3000)
upgrade(3.8, 2.359, 1.8, 8000)
upgrade(3.8, 2.359, 1.8, 20000)

upgrade(9.1, 2.350, -6.5, 3613)
upgrade(9.1, 2.350, -3.8, 3613)
upgrade(9.1, 2.350, -1.1, 3613)
upgrade(9.1, 2.350, 1.6, 3613)
upgrade(11.8, 2.350, -6.5, 3613)
upgrade(11.8, 2.350, -3.8, 3613)
upgrade(11.8, 2.350, -1.1, 3613)
upgrade(11.8, 2.350, 1.6, 3613)
upgrade(14.5, 2.350, -6.5, 3613)
upgrade(14.5, 2.350, -3.8, 3613)
upgrade(14.5, 2.350, -1.1, 3613)
upgrade(14.5, 2.350, 1.6, 3613)

place(3.7, 1.0, -2.4, "Engineer", 600)
upgrade(3.7, 2.350, -2.4, 277)
upgrade(3.7, 2.350, -2.4, 765)
upgrade(3.7, 2.350, -2.4, 1766)
upgrade(3.7, 2.350, -2.4, 5313)
upgrade(3.7, 2.350, -2.4, 10625)

place(3.7, 1.0, -5.7, "Engineer", 600)
upgrade(3.7, 2.350, -5.7, 277)
upgrade(3.7, 2.350, -5.7, 765)
upgrade(3.7, 2.350, -5.7, 1766)
upgrade(3.7, 2.350, -5.7, 5313)
upgrade(3.7, 2.350, -5.7, 10625)

place(3.7, 1.0, -9.0, "Engineer", 600)
upgrade(3.7, 2.350, -9.0, 277)
upgrade(3.7, 2.350, -9.0, 765)
upgrade(3.7, 2.350, -9.0, 1766)
upgrade(3.7, 2.350, -9.0, 5313)
upgrade(3.7, 2.350, -9.0, 10625)

place(0.7, 1.0, -1.4, "Engineer", 600)
upgrade(0.7, 2.350, -1.4, 277)
upgrade(0.7, 2.350, -1.4, 765)
upgrade(0.7, 2.350, -1.4, 1766)
upgrade(0.7, 2.350, -1.4, 5313)
upgrade(0.7, 2.350, -1.4, 10625)

place(0.7, 1.0, -4.7, "Engineer", 600)
upgrade(0.7, 2.350, -4.7, 277)
upgrade(0.7, 2.350, -4.7, 765)
upgrade(0.7, 2.350, -4.7, 1766)
upgrade(0.7, 2.350, -4.7, 5313)
upgrade(0.7, 2.350, -4.7, 10625)

place(0.7, 1.0, -8.0, "Engineer", 600)
upgrade(0.7, 2.350, -8.0, 277)
upgrade(0.7, 2.350, -8.0, 765)
upgrade(0.7, 2.350, -8.0, 1766)
upgrade(0.7, 2.350, -8.0, 5313)
upgrade(0.7, 2.350, -8.0, 10625)

upgrade(9.1, 2.350, -6.5, 8288)
upgrade(9.1, 2.350, -3.8, 8288)
upgrade(9.1, 2.350, -1.1, 8288)
upgrade(9.1, 2.350, 1.6, 8288)
upgrade(11.8, 2.350, -6.5, 8288)
upgrade(11.8, 2.350, -3.8, 8288)
upgrade(11.8, 2.350, -1.1, 8288)
upgrade(11.8, 2.350, 1.6, 8288)
upgrade(14.5, 2.350, -6.5, 8288)
upgrade(14.5, 2.350, -3.8, 8288)
upgrade(14.5, 2.350, -1.1, 8288)
upgrade(14.5, 2.350, 1.6, 8288)

upgrade(3.8, 2.350, -2.4, 27625)
upgrade(3.8, 2.350, -5.7, 27625)
upgrade(3.8, 2.350, -9.0, 27625)
upgrade(0.8, 2.350, -1.4, 27625)
upgrade(0.8, 2.350, -4.7, 27625)
upgrade(0.8, 2.350, -8.0, 27625)

place(-2.5, 1.0, 1.5, "EvolvedJuggernaut", 8500)
upgrade(-2.5, 2.692, 1.5, 2550)
upgrade(-2.5, 2.692, 1.5, 5950)
upgrade(-2.5, 2.692, 1.5, 14620)
upgrade(-2.5, 2.692, 1.5, 29750)
upgrade(-2.5, 2.692, 1.5, 46750)
upgrade(-2.5, 2.692, 1.5, 85000)
upgrade(-2.5, 2.692, 1.5, 127500)

SetDjTrack(-0.1, 2.359, 1.8, "Red", 0)

upgrade(9.1, 2.403, 4.6, 6175)
upgrade(9.1, 2.403, 4.6, 22800)
upgrade(9.1, 2.403, 4.6, 50540)

place(9.1, 1.0, 7.8, "Hacker", 900)
upgrade(9.1, 2.403, 7.8, 120)
upgrade(9.1, 2.403, 7.8, 1273)
upgrade(9.1, 2.403, 7.8, 6175)
upgrade(9.1, 2.403, 7.8, 22800)
upgrade(9.1, 2.403, 7.8, 50540)