place(9.089, 1.000, -6.532, "Cowboy", 600)
upgrade(9.089, 2.350, -6.532, 200)

place(9.061, 1.000, -3.842, "Cowboy", 600)
upgrade(9.061, 2.350, -3.842, 200)

upgrade(9.061, 2.350, -3.842, 650)
upgrade(9.089, 2.350, -6.532, 650)
upgrade(9.061, 2.350, -3.842, 2400)
upgrade(9.089, 2.350, -6.532, 2400)

place(3.729, 1.000, 1.846, "DJ Booth", 850)
SetDjTrack(3.729, 2.359, 1.846, "Green", 0)

place(9.167, 1.000, -1.026, "Cowboy", 600)
upgrade(9.167, 2.350, -1.026, 190)
upgrade(9.167, 2.350, -1.026, 618)
upgrade(9.167, 2.350, -1.026, 2280)

place(9.115, 1.000, 1.632, "Cowboy", 600)
upgrade(9.115, 2.350, 1.632, 190)
upgrade(9.115, 2.350, 1.632, 618)
upgrade(9.115, 2.350, 1.632, 2280)

place(11.888, 1.000, -6.561, "Cowboy", 600)
upgrade(11.888, 2.350, -6.561, 190)
upgrade(11.888, 2.350, -6.561, 618)
upgrade(11.888, 2.350, -6.561, 2280)

place(11.868, 1.000, -3.702, "Cowboy", 600)
upgrade(11.868, 2.350, -3.702, 190)
upgrade(11.868, 2.350, -3.702, 618)
upgrade(11.868, 2.350, -3.702, 2280)

place(11.719, 1.000, -1.110, "Cowboy", 600)
upgrade(11.719, 2.350, -1.110, 190)
upgrade(11.719, 2.350, -1.110, 618)
upgrade(11.719, 2.350, -1.110, 2280)

place(11.871, 1.000, 1.637, "Cowboy", 600)
upgrade(11.871, 2.350, 1.637, 190)
upgrade(11.871, 2.350, 1.637, 618)
upgrade(11.871, 2.350, 1.637, 2280)

place(14.464, 1.000, -3.730, "Cowboy", 600)
upgrade(14.464, 2.350, -3.730, 190)
upgrade(14.464, 2.350, -3.730, 618)
upgrade(14.464, 2.350, -3.730, 2280)

place(14.518, 1.000, -1.145, "Cowboy", 600)
upgrade(14.518, 2.350, -1.145, 190)
upgrade(14.518, 2.350, -1.145, 618)
upgrade(14.518, 2.350, -1.145, 2280)

place(14.442, 1.000, 1.606, "Cowboy", 600)
upgrade(14.442, 2.350, 1.606, 190)
upgrade(14.442, 2.350, 1.606, 618)
upgrade(14.442, 2.350, 1.606, 2280)

place(9.116, 1.000, 4.652, "Hacker", 900)
upgrade(9.116, 2.403, 4.652, 119)
upgrade(9.116, 2.403, 4.652, 1271)

upgrade(3.729, 2.359, 1.846, 300)

place(14.504, 1.000, -6.509, "Cowboy", 600)
upgrade(14.504, 2.350, -6.509, 190)
upgrade(14.504, 2.350, -6.509, 618)
upgrade(14.504, 2.350, -6.509, 2280)

upgrade(3.729, 2.359, 1.846, 1250)
upgrade(3.729, 2.359, 1.846, 3000)
upgrade(3.729, 2.359, 1.846, 8000)
upgrade(3.729, 2.359, 1.846, 20000)

upgrade(9.089, 2.350, -6.532, 3613)
upgrade(9.061, 2.350, -3.842, 3613)
upgrade(9.167, 2.350, -1.026, 3613)
upgrade(9.115, 2.350, 1.632, 3613)
upgrade(11.888, 2.350, -6.561, 3613)
upgrade(11.868, 2.350, -3.702, 3613)
upgrade(11.719, 2.350, -1.110, 3613)
upgrade(11.871, 2.350, 1.637, 3613)
upgrade(14.504, 2.350, -6.509, 3613)
upgrade(14.464, 2.350, -3.730, 3613)
upgrade(14.518, 2.350, -1.145, 3613)
upgrade(14.442, 2.350, 1.606, 3613)

place(3.732, 1.000, -2.375, "Engineer", 600)
upgrade(3.732, 2.350, -2.375, 277)
upgrade(3.732, 2.350, -2.375, 765)
upgrade(3.732, 2.350, -2.375, 1766)
upgrade(3.732, 2.350, -2.375, 5313)
upgrade(3.732, 2.350, -2.375, 10625)

place(3.616, 1.000, -5.794, "Engineer", 600)
upgrade(3.616, 2.350, -5.794, 277)
upgrade(3.616, 2.350, -5.794, 765)
upgrade(3.616, 2.350, -5.794, 1766)
upgrade(3.616, 2.350, -5.794, 5313)
upgrade(3.616, 2.350, -5.794, 10625)

place(3.732, 1.000, -8.906, "Engineer", 600)
upgrade(3.732, 2.350, -8.906, 277)
upgrade(3.732, 2.350, -8.906, 765)
upgrade(3.732, 2.350, -8.906, 1766)
upgrade(3.732, 2.350, -8.906, 5313)
upgrade(3.732, 2.350, -8.906, 10625)

place(0.700, 1.000, -1.346, "Engineer", 600)
upgrade(0.700, 2.350, -1.346, 277)
upgrade(0.700, 2.350, -1.346, 765)
upgrade(0.700, 2.350, -1.346, 1766)
upgrade(0.700, 2.350, -1.346, 5313)
upgrade(0.700, 2.350, -1.346, 10625)

place(0.796, 1.000, -4.723, "Engineer", 600)
upgrade(0.796, 2.350, -4.723, 277)
upgrade(0.796, 2.350, -4.723, 765)
upgrade(0.796, 2.350, -4.723, 1766)
upgrade(0.796, 2.350, -4.723, 5313)
upgrade(0.796, 2.350, -4.723, 10625)

place(0.756, 1.000, -7.975, "Engineer", 600)
upgrade(0.756, 2.350, -7.975, 277)
upgrade(0.756, 2.350, -7.975, 765)
upgrade(0.756, 2.350, -7.975, 1766)
upgrade(0.756, 2.350, -7.975, 5313)
upgrade(0.756, 2.350, -7.975, 10625)

upgrade(9.089, 2.350, -6.532, 8288)
upgrade(9.061, 2.350, -3.842, 8288)
upgrade(9.167, 2.350, -1.026, 8288)
upgrade(9.115, 2.350, 1.632, 8288)
upgrade(11.888, 2.350, -6.561, 8288)
upgrade(11.868, 2.350, -3.702, 8288)
upgrade(11.719, 2.350, -1.110, 8288)
upgrade(11.871, 2.350, 1.637, 8288)
upgrade(14.504, 2.350, -6.509, 8288)
upgrade(14.464, 2.350, -3.730, 8288)
upgrade(14.518, 2.350, -1.145, 8288)
upgrade(14.442, 2.350, 1.606, 8288)

upgrade(3.742, 2.350, -2.410, 27625)
upgrade(3.740, 2.350, -5.768, 27625)
upgrade(3.729, 2.350, -9.008, 27625)
upgrade(0.856, 2.350, -1.486, 27625)
upgrade(0.749, 2.350, -4.718, 27625)
upgrade(0.728, 2.350, -8.005, 27625)

place(-2.596, 1.000, 1.418, "EvolvedJuggernaut", 8500)
upgrade(-2.596, 2.692, 1.418, 2550)
upgrade(-2.596, 2.692, 1.418, 5950)
upgrade(-2.596, 2.692, 1.418, 14620)
upgrade(-2.596, 2.692, 1.418, 29750)
upgrade(-2.596, 2.692, 1.418, 46750)
upgrade(-2.596, 2.692, 1.418, 85000)
upgrade(-2.596, 2.692, 1.418, 127500)

SetDjTrack(-0.012, 2.359, 1.713, "Red", 0)

upgrade(9.116, 2.403, 4.652, 6175)
upgrade(9.116, 2.403, 4.652, 22800)
upgrade(9.116, 2.403, 4.652, 50540)

place(9.020, 1.000, 7.746, "Hacker", 900)
upgrade(9.020, 2.403, 7.746, 120)
upgrade(9.020, 2.403, 7.746, 1273)
upgrade(9.020, 2.403, 7.746, 6175)
upgrade(9.020, 2.403, 7.746, 22800)
upgrade(9.020, 2.403, 7.746, 50540)